$ANSIBLE_VAULT;1.1;AES256
66386334346434373733323332343164303934663064383537646663323332363537663537623632
3639383866663432646139656637633836613662396136390a663234336234613939353065353534
37613836613633316333353062383735636563323033333437303965643639333939383264636538
3966343338623563640a626237656636633334306263316661336661373938383765396163626238
37613161376566646435313135353331316134303732376231633536613730343437333531363038
31336237333061303836363638653036636165616461616161393430653130626561303734383063
63346235396638666334306239626332386334356430666239646661623763323132343831613066
65333731646466663963616631656434366234653631366436643365636366313439363135613463
30346131643430326466396434653165643662623735306338646538313261643361363166323331
35323632393730353230333036623566346261356566333762376136353461323963613333323438
36646237373364363966373132383531623362613733316130316134333462373835373639343434
36333237353637663032323939393764383737333837346333626461313035353639633831663734
30373933396536666439343330653539333866306237303231386337373661343631613637653264
34613030313935623165313432633366383762346430326138623835616262326436396166376239
32623936363261376235623030643762626338363432333530613232343863316166343266656363
63366630613438333062643733353133643630666638613663633333313431386362313738336366
38643063316666666564366662646266306431346265653866303134333066616236303732316661
65313961343361616239663336643666653738626434393663666333323364363966663063336464
62306333636333396362333532343366613833333937396261666534376237366230656336386538
34323934653036333864383136636532333433623331363361333937653236303033353565303938
38333864613966663036643536316432643033333837663136353635373064336335613362326434
66313636353635633965616461613965393131633332373663666566373838393436623461663666
35633331366335343639326431396465613863613139653832363234613264353838303133616430
63383461356164653766393030353333306435613566633132653638353439636636356430393130
61623031376330626336376564363832666136363032393962323234666462323537313263383638
64623663383233666461666634663632636638303962636633613435303933666232313436363534
66653536363539336633653164376534643530663536623762623963333636303439323839373562
32386438313865383237303035316264326566303832393966663533323165353839626631353339
32353036303234656230633865323731646632353834303563313732646166643132323238613235
30663865356432356434663264343039336332303730626530376531356462363331646336623332
64316131663036383137343961633862663036626236613463326338336431653030303065653561
39653363323563626163353738326333636430323064303331336662363262353762386235323163
65383965383035643534393637323564306562633832626631313135306365306436623135303164
65653166383632613230316139313730373162326564363736393130303535363063643634323863
64326561363361366633353037646335623736303164626566333663303233313861323634303339
61636336653963383134323333303630613966623339656631333463346538346630343536393032
37646337343633633833303261386362383138663535313435373065376361356539396139663365
63313461656635636364616633303135633031396333343239303062646261386361616461323937
61383565366263353038396563303331663832643438643133343731626435376162336535613862
62613366346639303064323431376362643336386135353739383963643739316462663861626431
39666632653634393636663064393934363061333463363433646437613265396665393232343637
35633638306466623230323861306465336362623132353937333733643037313466346338643861
66303136313733363336313036353538303234653435313132646636626566303231336439316132
65643964343764303366316461363539643634633161363961636166376565303738306439613539
37386662346436646331376638316164653436393865396265666132653166653630643431303130
31323732313037383561633531613561393964373931336462383434386566633965666661336361
63666431343237333135633735653761623230653663613566306161383166656463636539356539
37643030626439656263616464346535613638636334633231393930656135613435326362386635
34633338663131353764623332306263633963633333633231333038323237623932643262353233
61623365353138643235363739633930373633366339626361333233333330383263663764653832
65663263653534316365373334643238356363393837383535306462353361636535366237376335
66363365653838393265643739626462396230666263363764393965393766633762623236656664
35303935313930613063333037313063333936303961643263623835363134653532653664646663
34653766663032313335306533386564383264393364373936393532636230663632356563366432
37353562366132633638376236653861636631656233386135353165613035363333636439376533
65313066623866613561646437323538633431363462373035663333316332636237336539366531
61656630363861376437353937356631313438333731313462356232383934396537383532666565
35353966376136386162376165396465653936626137326365346332643132303862363331646535
30376136363932363830376238383563333730333638376562393334366137643539323035393762
61343464353332386332633064396463393731623463313336363863656537653130363930343865
61613633353632306333333636666466666236626266363561386536303833323266646662633965
36623062613138666136303434313565303338353134643462613064333361636265616534323330
63303631323865613365633065356461303232396335386639343061353434633838636434376362
65656534386132326331373461313335663330333063643163396464343836636530336662316131
62396636323463653833343037336334363936363232613534393332613032353633366166393230
38646563386639633830656235396433383966313064663166313332333230643865636236396132
35303366323032623832663663303463643830313263313861316333353731666665306131653537
32613764656138366564316634393766396138373164313762633663373963386531393633363562
34333237363335323862303232353632346162343539333462336236343437636530383837643737
30313063333136346363363437656534313164626435356635396666343932656436313663363666
33613866653262386164303432396235633565666363353536303036373834373637623963643562
39613139626262633163613562663134666332653063383862393933323664323930393535313836
65323034633363326130373161333137656437393838316538356362393339353935666532646264
36633263633664666435336561626431366634353663373134653132383565663366663865353737
63383366313238326565313336303862623933366430393962363566356531353231336432656236
39313531376639663937303265383536383733326162613839343338633535646134663439346666
66396435343738636636383863323634653834663862373836363636663936326166376232656439
62323936363063636434316266353636366262663166343265383962356265366465376565646539
62366135343031373362303966663865333534646437346362353132376231643139333865323266
31613231643036383138643136333833653334396635343937636365306235316639653531373133
38663530346266633764313830663132313764636365376363356465633330346539306137356463
65393932353638643564363563336336333939363433353338613262303130373766626339323231
30353739323361613964643632333631623233346538663434313239663330623538336634626234
65363832626339393661383438383664653435383232356462353437643565313836353038386662
63616264366537383661373534376565636337383930346437303961653239333632653862376130
34366135396230633266383963376465313066626465353965376335653330626363366334623362
66373162323137613033646637386264366235616635313233643433393035623966616231306431
36393935623430313931396664616237376332356437333937366564656364383034333866353030
61646433623735373439353962376563616230333166333936616631316163643364626333376565
30613265653432393531626333353432356632636336633963333462396166336638353166366435
37363336636164613136316461326437343230336639376237613232386334363932643730666337
36353565333164336363313937393432633966356333656538663432383432373062306635336562
3663
