$ANSIBLE_VAULT;1.1;AES256
31336438626338386330376261646431396164623966383431336361653331303362373130353538
6631633265343930393262656635666466616665633066310a653961376461396662376532393164
39666239613464313038366665333339376130393634326333356664376661636438386238646531
3730383761356635300a613235306236383336396336316433303164666638373637386539616534
63346439306365326464376662626336616138323437633433646137336264303735613763376266
66363064623865623734356666636138643439396232336137313834303230663035376561653435
63666532613137333033393565363537303631363465326338623961353733653531333266656639
61646636306266336264356434353939303532373662396638393537393332623561356134316631
66366636653337633862346539623333336439616431326536366232373330303636333463646133
61343534613061343432636130366664633237646338343131316331356230373866323334396636
36303638323133393261626131376431396666303365343434373636646464366430373935343765
66626538366436316433643434383638306231663330346633366134346637336533383034636164
65373431633135353264656561316339636162306136326231313263306438363731626634333762
66376434356137346136323238666462663063343135353766666431323238373361653537393235
31353034346463396338363533373062383630303936643761363662626439383530613935336630
31613837613064616638656439303331396165366433613965316364313662383539616135663366
65393037643532396463633630613236643138383364393261313265393861626563656566633935
63663738663531623361336230633064653461656661666561303433356261666433373535616532
36393734303261353131633134623866383736306266613538633064346564323931356361396136
37626362356536653363643761326331316536373965623766303338336532366536353465316334
39653262613637313533303838353263363733646135373564666531616266393662316265313539
36346535616233636532343031643963656630626265396138313930306465393736613137383630
38306636363264636438643938636661303930353962353662323830383865663766333535656636
36343333663936633565366330326266323463373234626230303430386538633138643638663039
64376364623435313163396161356265383865356232616133356338353864313530353030356434
63613233653264363162626362343534333066393461316631666138386562333037633431633364
61363166333838333532343462333636346462656630363138616437383166643332303430396466
37303238653132386233306636653337306437346538653930393562646663326537353062353863
64396164333033663665373832313032363564613062376432323939666561653864643533313238
34646262373764653664656332383362373539333636626361633338363635653262373164306337
33646234303062313763643561343336393236643236643262396132383465623263353931643639
38643764643139653033346537653632303335636331356362383239343930323163393239343730
65663631373937303238343930623230633733613364623066333232653466373565346630383238
30313036313835666164323233623439643537666465653932613531616165626231623933316230
30613835333338613563326235613234306337333231613739336538303362303163373662666364
64633266333635376638303639656365626130383434356265373533343661306336623463643833
39616439363664663235633335323039363761626136613235333436353336323933333664663238
61643831626433336232353032633865336138666561353133346165353930653364666435353639
35333531376633393061626231323762616132303061666661616635643462306531323164616131
63316363653330613238333730313430353564343730393065646239643462386564306433343036
30363636333564353166616639626432643266653561623830393337393839316165353661326532
64383766353266623738343834656332643531343837663835663430636438383138326539666563
66346136353139343231343535333162643437636163383331396265613765366130393436343966
39613234353730653537333538636230393133326530336633393133376663386565366463633036
65303237643937323835313263316235616663326332356538346131633238356439643333626163
62613863313932313566326563306130613666376164663233346363326338626536303465373537
64633031373039383864326236333938356433376130623736613130373539323165346137333864
38633461373139393933613539383862626564303561633866386639323538303762643438306339
61643036393033613965363834663864386339666536663161336663666365386632383732636639
31623137626638643931613638316438626434393664306134633034346265376133623063396461
61353033326463326133363930316561613666323238633931303130353633356364346433353439
66326531323935643765356461353937396364313164393333653761643831646439373138663033
62623739633637383766363935633134323661616161633963653333386365646235666636316361
38313632376564333261396338666162653630626234666263383732363133643030366562626662
34343665666361636134383732646134636337363364373139623730353233646633663165653332
64366532386532386636643962623931633336346239316132303531373862346138313863393236
37613538373866663261323862383139616136636165626564656533313631323365306332653463
38326162376532323331626237383138326139306665623030336263376363353862396264376462
39343538623061653230343636356133656133366231313839323735386136343835656533343062
32323031363764333363386461353666346165333633666561346334303364666636663764343333
37663836613239346535313338383131646461303736383139636163623963666336396264373464
32623039663366663765333832303761363530353731613338313539346563333137333061646638
65626638663034636666393634613237313931613266353338636565313866653036643536313833
35346131306461643865356538633230636630393364343964323336623536303531353763393234
62626339616435356462626362323163616238343836373335393965333365303535646265373438
39393366663935373738373562643365326362323765626231636165643533656633656165326662
38613765346334393539393836313761373832653461616332373330343037306262306538316266
35363565633164386162663764646161353461326633366238373339366365366265666632643239
39333934616231663837393161353466613665326338623331306166313063343535383063633231
30666438623063616630356361333064613130636232653733646432363633306634333665636132
65653466393336376434623161376235386532393932303435313563623162383832313533376566
32646166376461363362316133616265353233393037323937613738643630363530383464333865
61356137653138616335396539323163616539353334386233623636356165393938346162653734
61633839663931653065616339626461316161623437663630323536653233366139633437336464
37316365623532363765363761356338636361333037646639366134613066646530663564303261
38323931306135656464373166333966343438336265666361373733343065636530366362303661
37613634323834343131653364656134336433626162643761393965363938386361653035363239
64356230626631393231383938623961306336373066323066623730316266323637373566626362
64333766656430633961616265383161336233623661613663656666356263333037613533303337
34383537326465643734303965316230303136623630393066626662306633613531633834383962
36393736643065353732656134366438373938623335613262363261326665616161633437306466
62616436343938316532663264303434313832346161333966653830363266343635306238383562
36396235353439643132386338346661346338643363626637616631653236346436353034373238
30353231333864613565346436316266613865333264643961366336343739393130656464633562
66636432383463613535326165663935333839366264393861653061396636656435353562643436
61346363343938313432626636323730383366316631333639646132663961366238326664653861
65333161656436376230303335333737636431366332366464346338323562306236333139333438
31303638386433663534636437343263386532323638376331346132656165326135373235333736
66346137376631326138663864393437653532353265353430373236393764663834393332623833
39373439633362363230653633383431393231353566323130386631363664383965323463303331
63363635393136363334613865636666646333346166356236393237373438643533373362386366
37646666613264343330343935666136623830643332396239333538663436333564316437376631
3533
